p.lr = 0.7344; % [m]
p.lf = 0.7956; % [m]
p.m = 160; % [kg]
p.Iz = 130; % [kg m^2]

p.Bx = 14.0175;
p.Cx = 1.4000;
p.Dx = 2.3176+03;
p.Ex = -0.2723;

p.By = 7.9737;
p.Cy = 2.0585;
p.Dy = 2.2153e+03;
p.Ey = 0.7681;


